K002187_S21 1844.6 340164 340164
K002188_S22 3364.48 1093880 1093880
K002189_S23 2460.83 440858 440858
K002190_S24 4752.44 912860 912860
K002191_S25 3289.31 1186600 1186600
K002192_S26 2341.65 527589 527589
K002194_S28 2696.91 480082 480082
K002195_S29 2683.73 459674 459674
K002196_S30 3380.17 650351 650351
K002197_S31 2459.31 673744 673744
K002198_S32 3354.69 664257 664257
K002199_S33 3247.49 595703 595703
K002200_S34 2309.69 565575 565575
K002202_S36 3215.51 568573 568573
K002203_S37 3288.34 605737 605737
K002204_S38 2936.93 518829 518829
K002205_S39 3876.68 931236 931236
K002206_S40 2716.94 478537 478537
K002208_S41 2488.81 799837 799837
K002209_S42 2534.8 435477 435477
K002210_S43 3768.75 668159 668159
K002211_S44 2811.6 547149 547149
K002454_S10 2697.09 462428 462428
K002455_S11 2692.93 562848 562848
K002456_S12 5040.56 1071829 1071829
K002457_S13 3959.44 718475 718475
K002460_S16 1076.48 408304 408304
K002461_S17 3623.47 706885 706885
K002463_S19 2900.6 507785 507785
K002464_S20 2959.77 493832 493832
K002465_S21 3581.96 574921 574921
K002466_S22 2616.34 505270 505270
K002467_S23 3816.11 849596 849596
K002472_S28 4020.32 781437 781437
K002474_S30 2118.85 349824 349824
KPCOVID-0007_S5 933.413 163211 163211
KPCOVID-0011_S9 1874.7 345841 345841
KPCOVID-0016_S4 2866.32 715270 715270
KPCOVID-0017_S5 3188.01 700089 700089
KPCOVID-0021REP_S7 1222.09 314319 314319
KPCOVID-0026_S4 1230.36 232319 232319
KPCOVID-0033_S11 875.913 164468 164468
KPCOVID-0035_S1 1084.67 204647 204647
KPCOVID-0041_S6 1385.82 257256 257256
KPCOVID-0055_S9 1108.16 204147 204147
KPCOVID-0056_S10 862.494 163959 163959
KPCOVID-0057_S11 1721.9 393261 393261
KPCOVID-0065_S7 1032.31 184426 184426
KPCOVID-0066_S8 1476.01 260819 260819
KPCOVID-0067_S9 1316.51 237162 237162
KPCOVID-0097_S9 356.871 64837 64837
KPCOVID-0111_S2 1741.93 296830 296830
KPCOVID-0112_S3 1541.36 243806 243806
KPCOVID-0113_S4 990.026 158806 158806
KPCOVID-0115_S6 1025.39 171807 171807
KPCOVID-0116_S7 1370.57 216162 216162
KPCOVID-0118_S9 1223.06 229243 229243
KPCOVID-0119_S10 1631.76 283620 283620
KPCOVID-0120_S11 1592.75 279451 279451
KPCOVID-0121_S12 1120.17 181440 181440
KPCOVID-0122_S1 1822.76 314433 314433
KPCOVID-0157_S6 1109.09 172338 172338
KPCOVID-0158_S7 1810.55 285680 285680
KPCOVID-0159_S8 1629.28 253571 253571
KPCOVID-0160_S9 1232.03 195253 195253
KPCOVID-0161_S10 1657.24 252267 252267
KPCOVID-0162_S11 1633.09 267277 267277
KPCOVID-0163_S1 918.369 144020 144020
KPCOVID-0164_S2 826.028 127742 127742
KPCOVID-0165_S3 715.787 117213 117213
KPCOVID-0167_S4 734.367 161237 161237
KPCOVID-0168_S5 982.812 194515 194515
KPCOVID-0171_S8 919.526 220458 220458
KPCOVID-0172_S9 715.486 149089 149089
KPCOVID-0173_S10 1147.15 180405 180405
KPCOVID-0174_S11 719.337 118127 118127
KPCOVID-0293_S8 3013.69 625745 625745
KPCOVID-0299_S13 2705.63 560040 560040
KPCOVID-0300_S14 3236.09 547974 547974
KPCOVID-040-R_S13 4685.13 2529805 2529805
KPCOVID-191_S72 2067.57 497858 497858
KPCOVID-192_S73 2421.53 538587 538587
KPCOVID-193_S8 1058.92 249753 249753
KPCOVID-194_S9 807.38 161315 161315
KPCOVID-195_S10 969.827 199123 199123
KPCOVID-196_S77 1452.61 446351 446351
KPCOVID-260_S62 1940.15 501543 501543
KPCOVID-261_S63 4158.3 3552016 3552016
KPCOVID-458_S39 2510.43 424467 424467
KPCOVID-460_S41 1900.64 400707 400707
KPCOVID-462_S43 158.705 33949 33949
KPCOVID-550_S22 1624.75 301138 301138
KPCOVID-555_S27 1837.98 332919 332919
KPCOVID-556_S28 1781.36 302453 302453
KPCOVID-558_S30 1805.86 393100 393100
KPCOVID-561_S33 2517.99 471496 471496
KPCOVID-563_S35 1630.8 285903 285903
KPCOVID-564_S36 2645.54 584677 584677
KPCOVID-567_S38 849.699 184851 184851
KPCOVID-568_S39 1885.31 344048 344048
KPCOVID-569_S40 1425.26 349375 349375
KPCOVID-74_S4 1513.51 319270 319270
KPCOVID-75_S5 1735.16 340314 340314
KPCOVID-80_S10 1312.14 254432 254432
KPCOVID-81_S11 1538.29 307308 307308
KPCOVID-84_S2 801.182 152099 152099
KPCOVID-88_S6 954.904 164569 164569
KPCOVID-89_S7 997.824 188237 188237
KPCOVID-91_S9 1278.69 245997 245997
